1002222963138025.jpg, 0, 0, 64, 64, 0, 0, 0, 0
1003768702985084.jpg, 64, 0, 64, 64, 0, 0, 0, 0
1004109302950005.jpg, 128, 0, 64, 64, 0, 0, 0, 0
1005713006121616.jpg, 192, 0, 64, 64, 0, 0, 0, 0
1006319219384794.jpg, 256, 0, 64, 64, 0, 0, 0, 0
1006742899352602.jpg, 320, 0, 64, 64, 0, 0, 0, 0
1007142622630564.jpg, 384, 0, 64, 64, 0, 0, 0, 0
10100103841524249.jpg, 448, 0, 64, 64, 0, 0, 0, 0
10100450409592378.jpg, 512, 0, 64, 64, 0, 0, 0, 0
10100501863463408.jpg, 576, 0, 64, 64, 0, 0, 0, 0
10100625422405355.jpg, 640, 0, 64, 64, 0, 0, 0, 0
10100832339142725.jpg, 704, 0, 64, 64, 0, 0, 0, 0
10100842143554605.jpg, 768, 0, 64, 64, 0, 0, 0, 0
10101093729699080.jpg, 832, 0, 64, 64, 0, 0, 0, 0
10101113278906943.jpg, 896, 0, 64, 64, 0, 0, 0, 0
10101215522457048.jpg, 960, 0, 64, 64, 0, 0, 0, 0
10101274518351803.jpg, 1024, 0, 64, 64, 0, 0, 0, 0
10101309978025938.jpg, 1088, 0, 64, 64, 0, 0, 0, 0
10101551252629158.jpg, 1152, 0, 64, 64, 0, 0, 0, 0
10101574601891983.jpg, 1216, 0, 64, 64, 0, 0, 0, 0
10101624939465187.jpg, 1280, 0, 64, 64, 0, 0, 0, 0
10101795241264047.jpg, 1344, 0, 64, 64, 0, 0, 0, 0
10101838976193761.jpg, 1408, 0, 64, 64, 0, 0, 0, 0
10101893502313190.jpg, 1472, 0, 64, 64, 0, 0, 0, 0
10102224324323030.jpg, 1536, 0, 64, 64, 0, 0, 0, 0
10102329475164924.jpg, 1600, 0, 64, 64, 0, 0, 0, 0
10102683138500890.jpg, 1664, 0, 64, 64, 0, 0, 0, 0
10103081866157397.jpg, 1728, 0, 64, 64, 0, 0, 0, 0
10103138438915083.jpg, 1792, 0, 64, 64, 0, 0, 0, 0
10103158676728319.jpg, 1856, 0, 64, 64, 0, 0, 0, 0
10103159342778553.jpg, 1920, 0, 64, 64, 0, 0, 0, 0
10103423239133139.jpg, 1984, 0, 64, 64, 0, 0, 0, 0
10103438819290379.jpg, 0, 64, 64, 64, 0, 0, 0, 0
10103820955526313.jpg, 64, 64, 64, 64, 0, 0, 0, 0
10103843995154716.jpg, 128, 64, 64, 64, 0, 0, 0, 0
10103884202134593.jpg, 192, 64, 64, 64, 0, 0, 0, 0
10104762411351359.jpg, 256, 64, 64, 64, 0, 0, 0, 0
10105739164345520.jpg, 320, 64, 64, 64, 0, 0, 0, 0
10106401670233424.jpg, 384, 64, 64, 64, 0, 0, 0, 0
1012271658789903.jpg, 448, 64, 64, 64, 0, 0, 0, 0
1012377295445265.jpg, 512, 64, 64, 64, 0, 0, 0, 0
10151912985350876.jpg, 576, 64, 64, 64, 0, 0, 0, 0
10151933004491116.jpg, 640, 64, 64, 64, 0, 0, 0, 0
10151948769962330.jpg, 704, 64, 64, 64, 0, 0, 0, 0
10151955732220771.jpg, 768, 64, 64, 64, 0, 0, 0, 0
10151963061137000.jpg, 832, 64, 64, 64, 0, 0, 0, 0
10151965011486277.jpg, 896, 64, 64, 64, 0, 0, 0, 0
10151982902837377.jpg, 960, 64, 64, 64, 0, 0, 0, 0
10151984551847117.jpg, 1024, 64, 64, 64, 0, 0, 0, 0
10151985078746126.jpg, 1088, 64, 64, 64, 0, 0, 0, 0
10151993010984159.jpg, 1152, 64, 64, 64, 0, 0, 0, 0
10152007898066993.jpg, 1216, 64, 64, 64, 0, 0, 0, 0
10152013077171143.jpg, 1280, 64, 64, 64, 0, 0, 0, 0
10152032136021332.jpg, 1344, 64, 64, 64, 0, 0, 0, 0
10152045171731851.jpg, 1408, 64, 64, 64, 0, 0, 0, 0
10152054705475893.jpg, 1472, 64, 64, 64, 0, 0, 0, 0
10152054918911404.jpg, 1536, 64, 64, 64, 0, 0, 0, 0
10152057568477901.jpg, 1600, 64, 64, 64, 0, 0, 0, 0
10152078731198716.jpg, 1664, 64, 64, 64, 0, 0, 0, 0
10152079834864499.jpg, 1728, 64, 64, 64, 0, 0, 0, 0
10152084368862260.jpg, 1792, 64, 64, 64, 0, 0, 0, 0
10152090781116347.jpg, 1856, 64, 64, 64, 0, 0, 0, 0
10152094580598161.jpg, 1920, 64, 64, 64, 0, 0, 0, 0
10152114669521973.jpg, 1984, 64, 64, 64, 0, 0, 0, 0
10152123058902858.jpg, 0, 128, 64, 64, 0, 0, 0, 0
10152123668588173.jpg, 64, 128, 64, 64, 0, 0, 0, 0
10152128135728581.jpg, 128, 128, 64, 64, 0, 0, 0, 0
10152128378174296.jpg, 192, 128, 64, 64, 0, 0, 0, 0
10152131070972759.jpg, 256, 128, 64, 64, 0, 0, 0, 0
10152134068427537.jpg, 320, 128, 64, 64, 0, 0, 0, 0
10152136750927087.jpg, 384, 128, 64, 64, 0, 0, 0, 0
10152139193514965.jpg, 448, 128, 64, 64, 0, 0, 0, 0
10152139265872126.jpg, 512, 128, 64, 64, 0, 0, 0, 0
10152139468728002.jpg, 576, 128, 64, 64, 0, 0, 0, 0
10152139654454506.jpg, 640, 128, 64, 64, 0, 0, 0, 0
10152142226900662.jpg, 704, 128, 64, 64, 0, 0, 0, 0
10152142284321359.jpg, 768, 128, 64, 64, 0, 0, 0, 0
10152145442497108.jpg, 832, 128, 64, 64, 0, 0, 0, 0
10152150638676896.jpg, 896, 128, 64, 64, 0, 0, 0, 0
10152165593914713.jpg, 960, 128, 64, 64, 0, 0, 0, 0
10152175886443681.jpg, 1024, 128, 64, 64, 0, 0, 0, 0
10152190508496316.jpg, 1088, 128, 64, 64, 0, 0, 0, 0
10152191623575528.jpg, 1152, 128, 64, 64, 0, 0, 0, 0
10152197534920528.jpg, 1216, 128, 64, 64, 0, 0, 0, 0
10152202761729132.jpg, 1280, 128, 64, 64, 0, 0, 0, 0
10152206654575547.jpg, 1344, 128, 64, 64, 0, 0, 0, 0
10152222325436003.jpg, 1408, 128, 64, 64, 0, 0, 0, 0
10152242114489830.jpg, 1472, 128, 64, 64, 0, 0, 0, 0
10152248978755286.jpg, 1536, 128, 64, 64, 0, 0, 0, 0
10152253829820770.jpg, 1600, 128, 64, 64, 0, 0, 0, 0
10152253990723666.jpg, 1664, 128, 64, 64, 0, 0, 0, 0
10152256427945946.jpg, 1728, 128, 64, 64, 0, 0, 0, 0
10152259244865303.jpg, 1792, 128, 64, 64, 0, 0, 0, 0
10152263049523953.jpg, 1856, 128, 64, 64, 0, 0, 0, 0
10152266390522981.jpg, 1920, 128, 64, 64, 0, 0, 0, 0
10152274196261791.jpg, 1984, 128, 64, 64, 0, 0, 0, 0
10152280852578880.jpg, 0, 192, 64, 64, 0, 0, 0, 0
10152282425341816.jpg, 64, 192, 64, 64, 0, 0, 0, 0
10152292696921910.jpg, 128, 192, 64, 64, 0, 0, 0, 0
10152302890440973.jpg, 192, 192, 64, 64, 0, 0, 0, 0
10152307456477319.jpg, 256, 192, 64, 64, 0, 0, 0, 0
10152309512983175.jpg, 320, 192, 64, 64, 0, 0, 0, 0
10152317343002969.jpg, 384, 192, 64, 64, 0, 0, 0, 0
10152317831572707.jpg, 448, 192, 64, 64, 0, 0, 0, 0
10152326451160997.jpg, 512, 192, 64, 64, 0, 0, 0, 0
10152331807023607.jpg, 576, 192, 64, 64, 0, 0, 0, 0
10152334021652768.jpg, 640, 192, 64, 64, 0, 0, 0, 0
10152336055165064.jpg, 704, 192, 64, 64, 0, 0, 0, 0
10152337827575435.jpg, 768, 192, 64, 64, 0, 0, 0, 0
10152338317307128.jpg, 832, 192, 64, 64, 0, 0, 0, 0
10152340965966094.jpg, 896, 192, 64, 64, 0, 0, 0, 0
10152342841200894.jpg, 960, 192, 64, 64, 0, 0, 0, 0
10152344650643944.jpg, 1024, 192, 64, 64, 0, 0, 0, 0
10152348700125718.jpg, 1088, 192, 64, 64, 0, 0, 0, 0
10152351331140631.jpg, 1152, 192, 64, 64, 0, 0, 0, 0
10152351438836867.jpg, 1216, 192, 64, 64, 0, 0, 0, 0
10152352434274037.jpg, 1280, 192, 64, 64, 0, 0, 0, 0
10152352551076187.jpg, 1344, 192, 64, 64, 0, 0, 0, 0
10152358854902412.jpg, 1408, 192, 64, 64, 0, 0, 0, 0
10152364012477838.jpg, 1472, 192, 64, 64, 0, 0, 0, 0
10152368002393454.jpg, 1536, 192, 64, 64, 0, 0, 0, 0
10152372791120536.jpg, 1600, 192, 64, 64, 0, 0, 0, 0
10152373806410631.jpg, 1664, 192, 64, 64, 0, 0, 0, 0
10152373808185428.jpg, 1728, 192, 64, 64, 0, 0, 0, 0
10152373815850732.jpg, 1792, 192, 64, 64, 0, 0, 0, 0
10152377758823695.jpg, 1856, 192, 64, 64, 0, 0, 0, 0
10152379841973162.jpg, 1920, 192, 64, 64, 0, 0, 0, 0
10152381420050149.jpg, 1984, 192, 64, 64, 0, 0, 0, 0
10152384078748997.jpg, 0, 256, 64, 64, 0, 0, 0, 0
10152384184072603.jpg, 64, 256, 64, 64, 0, 0, 0, 0
10152385556822172.jpg, 128, 256, 64, 64, 0, 0, 0, 0
10152387196549476.jpg, 192, 256, 64, 64, 0, 0, 0, 0
10152388905151647.jpg, 256, 256, 64, 64, 0, 0, 0, 0
10152389212624015.jpg, 320, 256, 64, 64, 0, 0, 0, 0
10152402512291074.jpg, 384, 256, 64, 64, 0, 0, 0, 0
10152406312017546.jpg, 448, 256, 64, 64, 0, 0, 0, 0
10152409575033951.jpg, 512, 256, 64, 64, 0, 0, 0, 0
10152413355220850.jpg, 576, 256, 64, 64, 0, 0, 0, 0
10152416401339104.jpg, 640, 256, 64, 64, 0, 0, 0, 0
10152417816484108.jpg, 704, 256, 64, 64, 0, 0, 0, 0
10152418165937833.jpg, 768, 256, 64, 64, 0, 0, 0, 0
10152421736099776.jpg, 832, 256, 64, 64, 0, 0, 0, 0
10152422775822448.jpg, 896, 256, 64, 64, 0, 0, 0, 0
10152423566784328.jpg, 960, 256, 64, 64, 0, 0, 0, 0
10152424270514579.jpg, 1024, 256, 64, 64, 0, 0, 0, 0
10152424612835499.jpg, 1088, 256, 64, 64, 0, 0, 0, 0
10152426826615908.jpg, 1152, 256, 64, 64, 0, 0, 0, 0
10152430774751789.jpg, 1216, 256, 64, 64, 0, 0, 0, 0
10152434583575712.jpg, 1280, 256, 64, 64, 0, 0, 0, 0
10152439217347648.jpg, 1344, 256, 64, 64, 0, 0, 0, 0
10152443346506599.jpg, 1408, 256, 64, 64, 0, 0, 0, 0
10152444130286302.jpg, 1472, 256, 64, 64, 0, 0, 0, 0
10152447696624071.jpg, 1536, 256, 64, 64, 0, 0, 0, 0
10152449878711833.jpg, 1600, 256, 64, 64, 0, 0, 0, 0
10152451893133217.jpg, 1664, 256, 64, 64, 0, 0, 0, 0
10152454185746069.jpg, 1728, 256, 64, 64, 0, 0, 0, 0
10152455788186350.jpg, 1792, 256, 64, 64, 0, 0, 0, 0
10152456003343277.jpg, 1856, 256, 64, 64, 0, 0, 0, 0
10152457724418163.jpg, 1920, 256, 64, 64, 0, 0, 0, 0
10152457908942134.jpg, 1984, 256, 64, 64, 0, 0, 0, 0
10152459830757826.jpg, 0, 320, 64, 64, 0, 0, 0, 0
10152464981793319.jpg, 64, 320, 64, 64, 0, 0, 0, 0
10152465894820864.jpg, 128, 320, 64, 64, 0, 0, 0, 0
10152467794632340.jpg, 192, 320, 64, 64, 0, 0, 0, 0
10152471768731812.jpg, 256, 320, 64, 64, 0, 0, 0, 0
10152478231734612.jpg, 320, 320, 64, 64, 0, 0, 0, 0
10152486940807249.jpg, 384, 320, 64, 64, 0, 0, 0, 0
10152487262814673.jpg, 448, 320, 64, 64, 0, 0, 0, 0
10152489941365718.jpg, 512, 320, 64, 64, 0, 0, 0, 0
10152493922208963.jpg, 576, 320, 64, 64, 0, 0, 0, 0
10152496249881689.jpg, 640, 320, 64, 64, 0, 0, 0, 0
10152503318708207.jpg, 704, 320, 64, 64, 0, 0, 0, 0
10152506009302120.jpg, 768, 320, 64, 64, 0, 0, 0, 0
10152507422695891.jpg, 832, 320, 64, 64, 0, 0, 0, 0
10152508066003771.jpg, 896, 320, 64, 64, 0, 0, 0, 0
10152518748717206.jpg, 960, 320, 64, 64, 0, 0, 0, 0
10152519780135964.jpg, 1024, 320, 64, 64, 0, 0, 0, 0
10152521756754388.jpg, 1088, 320, 64, 64, 0, 0, 0, 0
10152521910981817.jpg, 1152, 320, 64, 64, 0, 0, 0, 0
10152526852362833.jpg, 1216, 320, 64, 64, 0, 0, 0, 0
10152527706133940.jpg, 1280, 320, 64, 64, 0, 0, 0, 0
10152530887408252.jpg, 1344, 320, 64, 64, 0, 0, 0, 0
10152531196801659.jpg, 1408, 320, 64, 64, 0, 0, 0, 0
10152539749804822.jpg, 1472, 320, 64, 64, 0, 0, 0, 0
10152545436018888.jpg, 1536, 320, 64, 64, 0, 0, 0, 0
10152545495853129.jpg, 1600, 320, 64, 64, 0, 0, 0, 0
10152548123162149.jpg, 1664, 320, 64, 64, 0, 0, 0, 0
10152556125977685.jpg, 1728, 320, 64, 64, 0, 0, 0, 0
10152557166172659.jpg, 1792, 320, 64, 64, 0, 0, 0, 0
10152566751692187.jpg, 1856, 320, 64, 64, 0, 0, 0, 0
10152570251797635.jpg, 1920, 320, 64, 64, 0, 0, 0, 0
10152578505500778.jpg, 1984, 320, 64, 64, 0, 0, 0, 0
10152594743029668.jpg, 0, 384, 64, 64, 0, 0, 0, 0
10152597540478429.jpg, 64, 384, 64, 64, 0, 0, 0, 0
10152602596033667.jpg, 128, 384, 64, 64, 0, 0, 0, 0
10152614296826941.jpg, 192, 384, 64, 64, 0, 0, 0, 0
10152614897596105.jpg, 256, 384, 64, 64, 0, 0, 0, 0
10152615208874637.jpg, 320, 384, 64, 64, 0, 0, 0, 0
10152621615885859.jpg, 384, 384, 64, 64, 0, 0, 0, 0
10152625927641432.jpg, 448, 384, 64, 64, 0, 0, 0, 0
10152630832875866.jpg, 512, 384, 64, 64, 0, 0, 0, 0
10152635540583155.jpg, 576, 384, 64, 64, 0, 0, 0, 0
10152644563572144.jpg, 640, 384, 64, 64, 0, 0, 0, 0
10152644743203871.jpg, 704, 384, 64, 64, 0, 0, 0, 0
10152649023738277.jpg, 768, 384, 64, 64, 0, 0, 0, 0
10152652070822690.jpg, 832, 384, 64, 64, 0, 0, 0, 0
10152654005702621.jpg, 896, 384, 64, 64, 0, 0, 0, 0
10152657015441947.jpg, 960, 384, 64, 64, 0, 0, 0, 0
10152668108616330.jpg, 1024, 384, 64, 64, 0, 0, 0, 0
10152670005885071.jpg, 1088, 384, 64, 64, 0, 0, 0, 0
10152674236145962.jpg, 1152, 384, 64, 64, 0, 0, 0, 0
10152686461505989.jpg, 1216, 384, 64, 64, 0, 0, 0, 0
10152688588951412.jpg, 1280, 384, 64, 64, 0, 0, 0, 0
10152688678926741.jpg, 1344, 384, 64, 64, 0, 0, 0, 0
10152692458529191.jpg, 1408, 384, 64, 64, 0, 0, 0, 0
10152701882763594.jpg, 1472, 384, 64, 64, 0, 0, 0, 0
10152709746914726.jpg, 1536, 384, 64, 64, 0, 0, 0, 0
10152715005481521.jpg, 1600, 384, 64, 64, 0, 0, 0, 0
10152723911675826.jpg, 1664, 384, 64, 64, 0, 0, 0, 0
10152727164783326.jpg, 1728, 384, 64, 64, 0, 0, 0, 0
10152729402286984.jpg, 1792, 384, 64, 64, 0, 0, 0, 0
10152731070454376.jpg, 1856, 384, 64, 64, 0, 0, 0, 0
10152734298626967.jpg, 1920, 384, 64, 64, 0, 0, 0, 0
10152743929659331.jpg, 1984, 384, 64, 64, 0, 0, 0, 0
10152744700066700.jpg, 0, 448, 64, 64, 0, 0, 0, 0
10152747050194410.jpg, 64, 448, 64, 64, 0, 0, 0, 0
10152752408427886.jpg, 128, 448, 64, 64, 0, 0, 0, 0
10152753123990895.jpg, 192, 448, 64, 64, 0, 0, 0, 0
10152757616052786.jpg, 256, 448, 64, 64, 0, 0, 0, 0
10152762629784789.jpg, 320, 448, 64, 64, 0, 0, 0, 0
10152763808265443.jpg, 384, 448, 64, 64, 0, 0, 0, 0
10152769271079092.jpg, 448, 448, 64, 64, 0, 0, 0, 0
10152774038662177.jpg, 512, 448, 64, 64, 0, 0, 0, 0
10152777834334741.jpg, 576, 448, 64, 64, 0, 0, 0, 0
10152789934804153.jpg, 640, 448, 64, 64, 0, 0, 0, 0
10152790572493190.jpg, 704, 448, 64, 64, 0, 0, 0, 0
10152797275528747.jpg, 768, 448, 64, 64, 0, 0, 0, 0
10152805167994238.jpg, 832, 448, 64, 64, 0, 0, 0, 0
10152805434693378.jpg, 896, 448, 64, 64, 0, 0, 0, 0
10152826477948989.jpg, 960, 448, 64, 64, 0, 0, 0, 0
10152826817622155.jpg, 1024, 448, 64, 64, 0, 0, 0, 0
10152827277672774.jpg, 1088, 448, 64, 64, 0, 0, 0, 0
10152830170539610.jpg, 1152, 448, 64, 64, 0, 0, 0, 0
10152834069023187.jpg, 1216, 448, 64, 64, 0, 0, 0, 0
10152839535977769.jpg, 1280, 448, 64, 64, 0, 0, 0, 0
10152846997079276.jpg, 1344, 448, 64, 64, 0, 0, 0, 0
10152848242966538.jpg, 1408, 448, 64, 64, 0, 0, 0, 0
10152852671619210.jpg, 1472, 448, 64, 64, 0, 0, 0, 0
10152852771513354.jpg, 1536, 448, 64, 64, 0, 0, 0, 0
10152860276448851.jpg, 1600, 448, 64, 64, 0, 0, 0, 0
10152861297679536.jpg, 1664, 448, 64, 64, 0, 0, 0, 0
10152867505594096.jpg, 1728, 448, 64, 64, 0, 0, 0, 0
10152873574761737.jpg, 1792, 448, 64, 64, 0, 0, 0, 0
10152879643313391.jpg, 1856, 448, 64, 64, 0, 0, 0, 0
10152883320762717.jpg, 1920, 448, 64, 64, 0, 0, 0, 0
10152886790938610.jpg, 1984, 448, 64, 64, 0, 0, 0, 0
10152887149233782.jpg, 0, 512, 64, 64, 0, 0, 0, 0
10152888150139644.jpg, 64, 512, 64, 64, 0, 0, 0, 0
10152892371409318.jpg, 128, 512, 64, 64, 0, 0, 0, 0
10152897131706303.jpg, 192, 512, 64, 64, 0, 0, 0, 0
10152900579343582.jpg, 256, 512, 64, 64, 0, 0, 0, 0
10152902138317748.jpg, 320, 512, 64, 64, 0, 0, 0, 0
10152902548848528.jpg, 384, 512, 64, 64, 0, 0, 0, 0
10152915615076475.jpg, 448, 512, 64, 64, 0, 0, 0, 0
10152916737084893.jpg, 512, 512, 64, 64, 0, 0, 0, 0
10152916884551449.jpg, 576, 512, 64, 64, 0, 0, 0, 0
10152931457128593.jpg, 640, 512, 64, 64, 0, 0, 0, 0
10152931521511823.jpg, 704, 512, 64, 64, 0, 0, 0, 0
10152938827301518.jpg, 768, 512, 64, 64, 0, 0, 0, 0
10152955398173982.jpg, 832, 512, 64, 64, 0, 0, 0, 0
10152962128184642.jpg, 896, 512, 64, 64, 0, 0, 0, 0
10152967828059198.jpg, 960, 512, 64, 64, 0, 0, 0, 0
10152969713575907.jpg, 1024, 512, 64, 64, 0, 0, 0, 0
10152971938697659.jpg, 1088, 512, 64, 64, 0, 0, 0, 0
10152977003203018.jpg, 1152, 512, 64, 64, 0, 0, 0, 0
10152979778445948.jpg, 1216, 512, 64, 64, 0, 0, 0, 0
10152986234703422.jpg, 1280, 512, 64, 64, 0, 0, 0, 0
10152999066487961.jpg, 1344, 512, 64, 64, 0, 0, 0, 0
10153022567964662.jpg, 1408, 512, 64, 64, 0, 0, 0, 0
10153026096204068.jpg, 1472, 512, 64, 64, 0, 0, 0, 0
10153039113717731.jpg, 1536, 512, 64, 64, 0, 0, 0, 0
10153048279087369.jpg, 1600, 512, 64, 64, 0, 0, 0, 0
10153062871458799.jpg, 1664, 512, 64, 64, 0, 0, 0, 0
10153063162568728.jpg, 1728, 512, 64, 64, 0, 0, 0, 0
10153072757518969.jpg, 1792, 512, 64, 64, 0, 0, 0, 0
10153079283162612.jpg, 1856, 512, 64, 64, 0, 0, 0, 0
10153082461910452.jpg, 1920, 512, 64, 64, 0, 0, 0, 0
10153094901873470.jpg, 1984, 512, 64, 64, 0, 0, 0, 0
10153115799331369.jpg, 0, 576, 64, 64, 0, 0, 0, 0
10153117518015336.jpg, 64, 576, 64, 64, 0, 0, 0, 0
10153130022557578.jpg, 128, 576, 64, 64, 0, 0, 0, 0
10153130586668926.jpg, 192, 576, 64, 64, 0, 0, 0, 0
10153140523198159.jpg, 256, 576, 64, 64, 0, 0, 0, 0
10153142363801391.jpg, 320, 576, 64, 64, 0, 0, 0, 0
10153147061130166.jpg, 384, 576, 64, 64, 0, 0, 0, 0
10153184706658654.jpg, 448, 576, 64, 64, 0, 0, 0, 0
10153196337415772.jpg, 512, 576, 64, 64, 0, 0, 0, 0
10153212997619020.jpg, 576, 576, 64, 64, 0, 0, 0, 0
10153213167018672.jpg, 640, 576, 64, 64, 0, 0, 0, 0
10153219259748955.jpg, 704, 576, 64, 64, 0, 0, 0, 0
10153221694418636.jpg, 768, 576, 64, 64, 0, 0, 0, 0
10153239042122645.jpg, 832, 576, 64, 64, 0, 0, 0, 0
10153245602259519.jpg, 896, 576, 64, 64, 0, 0, 0, 0
10153249211385242.jpg, 960, 576, 64, 64, 0, 0, 0, 0
10153258496269787.jpg, 1024, 576, 64, 64, 0, 0, 0, 0
10153275262113642.jpg, 1088, 576, 64, 64, 0, 0, 0, 0
10153277893792930.jpg, 1152, 576, 64, 64, 0, 0, 0, 0
10153293919536495.jpg, 1216, 576, 64, 64, 0, 0, 0, 0
10153302480870742.jpg, 1280, 576, 64, 64, 0, 0, 0, 0
10153308558932269.jpg, 1344, 576, 64, 64, 0, 0, 0, 0
10153314638994901.jpg, 1408, 576, 64, 64, 0, 0, 0, 0
10153327300582802.jpg, 1472, 576, 64, 64, 0, 0, 0, 0
10153336825498885.jpg, 1536, 576, 64, 64, 0, 0, 0, 0
10153337140234497.jpg, 1600, 576, 64, 64, 0, 0, 0, 0
10153358156564175.jpg, 1664, 576, 64, 64, 0, 0, 0, 0
10153372425174554.jpg, 1728, 576, 64, 64, 0, 0, 0, 0
10153376533945730.jpg, 1792, 576, 64, 64, 0, 0, 0, 0
10153376657233135.jpg, 1856, 576, 64, 64, 0, 0, 0, 0
10153435713561124.jpg, 1920, 576, 64, 64, 0, 0, 0, 0
10153451374254012.jpg, 1984, 576, 64, 64, 0, 0, 0, 0
10153461091700558.jpg, 0, 640, 64, 64, 0, 0, 0, 0
10153476731522018.jpg, 64, 640, 64, 64, 0, 0, 0, 0
10153489768420278.jpg, 128, 640, 64, 64, 0, 0, 0, 0
10153494192072565.jpg, 192, 640, 64, 64, 0, 0, 0, 0
10153506301134972.jpg, 256, 640, 64, 64, 0, 0, 0, 0
10153771869757564.jpg, 320, 640, 64, 64, 0, 0, 0, 0
10153847123896040.jpg, 384, 640, 64, 64, 0, 0, 0, 0
10153930680004057.jpg, 448, 640, 64, 64, 0, 0, 0, 0
10153975347240276.jpg, 512, 640, 64, 64, 0, 0, 0, 0
10153995275140244.jpg, 576, 640, 64, 64, 0, 0, 0, 0
10153998043682837.jpg, 640, 640, 64, 64, 0, 0, 0, 0
10154003138115717.jpg, 704, 640, 64, 64, 0, 0, 0, 0
10154003891795234.jpg, 768, 640, 64, 64, 0, 0, 0, 0
10154018374095475.jpg, 832, 640, 64, 64, 0, 0, 0, 0
10154023565605414.jpg, 896, 640, 64, 64, 0, 0, 0, 0
10154028304655104.jpg, 960, 640, 64, 64, 0, 0, 0, 0
10154034279585697.jpg, 1024, 640, 64, 64, 0, 0, 0, 0
10154036646000603.jpg, 1088, 640, 64, 64, 0, 0, 0, 0
10154039544005510.jpg, 1152, 640, 64, 64, 0, 0, 0, 0
10154059032970637.jpg, 1216, 640, 64, 64, 0, 0, 0, 0
10154060636705302.jpg, 1280, 640, 64, 64, 0, 0, 0, 0
10154062320000613.jpg, 1344, 640, 64, 64, 0, 0, 0, 0
10154071150965224.jpg, 1408, 640, 64, 64, 0, 0, 0, 0
10154071495620417.jpg, 1472, 640, 64, 64, 0, 0, 0, 0
10154080710885024.jpg, 1536, 640, 64, 64, 0, 0, 0, 0
10154083028375298.jpg, 1600, 640, 64, 64, 0, 0, 0, 0
10154096095525173.jpg, 1664, 640, 64, 64, 0, 0, 0, 0
10154100239340254.jpg, 1728, 640, 64, 64, 0, 0, 0, 0
10154122709450002.jpg, 1792, 640, 64, 64, 0, 0, 0, 0
10154127808490331.jpg, 1856, 640, 64, 64, 0, 0, 0, 0
10154127846645324.jpg, 1920, 640, 64, 64, 0, 0, 0, 0
10154131875405173.jpg, 1984, 640, 64, 64, 0, 0, 0, 0
10154190025025497.jpg, 0, 704, 64, 64, 0, 0, 0, 0
10154241990280710.jpg, 64, 704, 64, 64, 0, 0, 0, 0
10154257542970327.jpg, 128, 704, 64, 64, 0, 0, 0, 0
10154293317215147.jpg, 192, 704, 64, 64, 0, 0, 0, 0
10154345393205204.jpg, 256, 704, 64, 64, 0, 0, 0, 0
10154368281205013.jpg, 320, 704, 64, 64, 0, 0, 0, 0
10154418675965512.jpg, 384, 704, 64, 64, 0, 0, 0, 0
10154438562520254.jpg, 448, 704, 64, 64, 0, 0, 0, 0
10154563417675453.jpg, 512, 704, 64, 64, 0, 0, 0, 0
10154607631530154.jpg, 576, 704, 64, 64, 0, 0, 0, 0
10154675033870372.jpg, 640, 704, 64, 64, 0, 0, 0, 0
10154697059280391.jpg, 704, 704, 64, 64, 0, 0, 0, 0
10154704473955357.jpg, 768, 704, 64, 64, 0, 0, 0, 0
10154710358680154.jpg, 832, 704, 64, 64, 0, 0, 0, 0
10154742418485224.jpg, 896, 704, 64, 64, 0, 0, 0, 0
10154746421115523.jpg, 960, 704, 64, 64, 0, 0, 0, 0
10154786938170626.jpg, 1024, 704, 64, 64, 0, 0, 0, 0
10154869308855103.jpg, 1088, 704, 64, 64, 0, 0, 0, 0
10154878071735444.jpg, 1152, 704, 64, 64, 0, 0, 0, 0
10154912322770217.jpg, 1216, 704, 64, 64, 0, 0, 0, 0
10154922389770061.jpg, 1280, 704, 64, 64, 0, 0, 0, 0
10155015795200341.jpg, 1344, 704, 64, 64, 0, 0, 0, 0
10155018187340492.jpg, 1408, 704, 64, 64, 0, 0, 0, 0
10155018523415226.jpg, 1472, 704, 64, 64, 0, 0, 0, 0
10155134307670463.jpg, 1536, 704, 64, 64, 0, 0, 0, 0
10155136123595578.jpg, 1600, 704, 64, 64, 0, 0, 0, 0
10155189616840301.jpg, 1664, 704, 64, 64, 0, 0, 0, 0
10155211350550285.jpg, 1728, 704, 64, 64, 0, 0, 0, 0
10155216289005473.jpg, 1792, 704, 64, 64, 0, 0, 0, 0
10155242816165462.jpg, 1856, 704, 64, 64, 0, 0, 0, 0
10155311109470343.jpg, 1920, 704, 64, 64, 0, 0, 0, 0
10155435887590577.jpg, 1984, 704, 64, 64, 0, 0, 0, 0
10155439422225074.jpg, 0, 768, 64, 64, 0, 0, 0, 0
10155466635420361.jpg, 64, 768, 64, 64, 0, 0, 0, 0
10155479401300244.jpg, 128, 768, 64, 64, 0, 0, 0, 0
10155493475590313.jpg, 192, 768, 64, 64, 0, 0, 0, 0
10155509543395284.jpg, 256, 768, 64, 64, 0, 0, 0, 0
10155527555840564.jpg, 320, 768, 64, 64, 0, 0, 0, 0
10155562321805571.jpg, 384, 768, 64, 64, 0, 0, 0, 0
10155575161225112.jpg, 448, 768, 64, 64, 0, 0, 0, 0
10155709604705413.jpg, 512, 768, 64, 64, 0, 0, 0, 0
1018300931515872.jpg, 576, 768, 64, 64, 0, 0, 0, 0
10200517012123611.jpg, 640, 768, 64, 64, 0, 0, 0, 0
10200861070927940.jpg, 704, 768, 64, 64, 0, 0, 0, 0
10200967593792124.jpg, 768, 768, 64, 64, 0, 0, 0, 0
10201015635633511.jpg, 832, 768, 64, 64, 0, 0, 0, 0
10201021774066801.jpg, 896, 768, 64, 64, 0, 0, 0, 0
10201199362021104.jpg, 960, 768, 64, 64, 0, 0, 0, 0
10201237851747200.jpg, 1024, 768, 64, 64, 0, 0, 0, 0
10201285667422207.jpg, 1088, 768, 64, 64, 0, 0, 0, 0
10201387390680739.jpg, 1152, 768, 64, 64, 0, 0, 0, 0
10201545408195707.jpg, 1216, 768, 64, 64, 0, 0, 0, 0
10201578690771611.jpg, 1280, 768, 64, 64, 0, 0, 0, 0
10201649085268660.jpg, 1344, 768, 64, 64, 0, 0, 0, 0
10201652377891272.jpg, 1408, 768, 64, 64, 0, 0, 0, 0
10201771145034971.jpg, 1472, 768, 64, 64, 0, 0, 0, 0
10201774332621132.jpg, 1536, 768, 64, 64, 0, 0, 0, 0
10201778034434323.jpg, 1600, 768, 64, 64, 0, 0, 0, 0
10201826187715930.jpg, 1664, 768, 64, 64, 0, 0, 0, 0
10201838251980187.jpg, 1728, 768, 64, 64, 0, 0, 0, 0
10201862514384009.jpg, 1792, 768, 64, 64, 0, 0, 0, 0
10201908131663701.jpg, 1856, 768, 64, 64, 0, 0, 0, 0
10201913733523954.jpg, 1920, 768, 64, 64, 0, 0, 0, 0
10201915187665557.jpg, 1984, 768, 64, 64, 0, 0, 0, 0
10201916373691573.jpg, 0, 832, 64, 64, 0, 0, 0, 0
10201930527521849.jpg, 64, 832, 64, 64, 0, 0, 0, 0
10201955979380818.jpg, 128, 832, 64, 64, 0, 0, 0, 0
10202000072937101.jpg, 192, 832, 64, 64, 0, 0, 0, 0
10202019201384861.jpg, 256, 832, 64, 64, 0, 0, 0, 0
10202077554860147.jpg, 320, 832, 64, 64, 0, 0, 0, 0
10202102734204817.jpg, 384, 832, 64, 64, 0, 0, 0, 0
10202137174630527.jpg, 448, 832, 64, 64, 0, 0, 0, 0
10202233919688304.jpg, 512, 832, 64, 64, 0, 0, 0, 0
10202244069484698.jpg, 576, 832, 64, 64, 0, 0, 0, 0
10202287230914879.jpg, 640, 832, 64, 64, 0, 0, 0, 0
10202381880280706.jpg, 704, 832, 64, 64, 0, 0, 0, 0
10202399063031438.jpg, 768, 832, 64, 64, 0, 0, 0, 0
10202452459152477.jpg, 832, 832, 64, 64, 0, 0, 0, 0
10202453197395519.jpg, 896, 832, 64, 64, 0, 0, 0, 0
10202464122378059.jpg, 960, 832, 64, 64, 0, 0, 0, 0
10202495518974211.jpg, 1024, 832, 64, 64, 0, 0, 0, 0
10202510504457784.jpg, 1088, 832, 64, 64, 0, 0, 0, 0
10202534818264731.jpg, 1152, 832, 64, 64, 0, 0, 0, 0
10202555001569274.jpg, 1216, 832, 64, 64, 0, 0, 0, 0
10202596886498278.jpg, 1280, 832, 64, 64, 0, 0, 0, 0
10202644223041216.jpg, 1344, 832, 64, 64, 0, 0, 0, 0
10202668212039142.jpg, 1408, 832, 64, 64, 0, 0, 0, 0
10202670138546756.jpg, 1472, 832, 64, 64, 0, 0, 0, 0
10202670720543783.jpg, 1536, 832, 64, 64, 0, 0, 0, 0
10202734436507652.jpg, 1600, 832, 64, 64, 0, 0, 0, 0
10202787489247561.jpg, 1664, 832, 64, 64, 0, 0, 0, 0
10202789752037977.jpg, 1728, 832, 64, 64, 0, 0, 0, 0
10202818213471449.jpg, 1792, 832, 64, 64, 0, 0, 0, 0
10202818460639809.jpg, 1856, 832, 64, 64, 0, 0, 0, 0
10202821803131806.jpg, 1920, 832, 64, 64, 0, 0, 0, 0
10202822346533203.jpg, 1984, 832, 64, 64, 0, 0, 0, 0
10202825617815222.jpg, 0, 896, 64, 64, 0, 0, 0, 0
10202842116632945.jpg, 64, 896, 64, 64, 0, 0, 0, 0
10202848195818468.jpg, 128, 896, 64, 64, 0, 0, 0, 0
10202848917738410.jpg, 192, 896, 64, 64, 0, 0, 0, 0
10202854570258627.jpg, 256, 896, 64, 64, 0, 0, 0, 0
10202854621677046.jpg, 320, 896, 64, 64, 0, 0, 0, 0
10202855942062358.jpg, 384, 896, 64, 64, 0, 0, 0, 0
10202894555467281.jpg, 448, 896, 64, 64, 0, 0, 0, 0
10202898198710150.jpg, 512, 896, 64, 64, 0, 0, 0, 0
10202910119375902.jpg, 576, 896, 64, 64, 0, 0, 0, 0
10202916260338946.jpg, 640, 896, 64, 64, 0, 0, 0, 0
10202922216491405.jpg, 704, 896, 64, 64, 0, 0, 0, 0
10202927729386923.jpg, 768, 896, 64, 64, 0, 0, 0, 0
10202928308142058.jpg, 832, 896, 64, 64, 0, 0, 0, 0
10202946822744773.jpg, 896, 896, 64, 64, 0, 0, 0, 0
10202949659854321.jpg, 960, 896, 64, 64, 0, 0, 0, 0
10202981493008791.jpg, 1024, 896, 64, 64, 0, 0, 0, 0
10202986427741667.jpg, 1088, 896, 64, 64, 0, 0, 0, 0
10202986784244548.jpg, 1152, 896, 64, 64, 0, 0, 0, 0
10202992028335687.jpg, 1216, 896, 64, 64, 0, 0, 0, 0
10202997810247620.jpg, 1280, 896, 64, 64, 0, 0, 0, 0
10202997834803416.jpg, 1344, 896, 64, 64, 0, 0, 0, 0
10203041907502057.jpg, 1408, 896, 64, 64, 0, 0, 0, 0
10203042111113323.jpg, 1472, 896, 64, 64, 0, 0, 0, 0
10203075176153793.jpg, 1536, 896, 64, 64, 0, 0, 0, 0
10203078351014236.jpg, 1600, 896, 64, 64, 0, 0, 0, 0
10203116703540692.jpg, 1664, 896, 64, 64, 0, 0, 0, 0
10203118558437024.jpg, 1728, 896, 64, 64, 0, 0, 0, 0
10203127030391891.jpg, 1792, 896, 64, 64, 0, 0, 0, 0
10203147747208125.jpg, 1856, 896, 64, 64, 0, 0, 0, 0
10203148262763900.jpg, 1920, 896, 64, 64, 0, 0, 0, 0
10203156624452319.jpg, 1984, 896, 64, 64, 0, 0, 0, 0
10203179037492092.jpg, 0, 960, 64, 64, 0, 0, 0, 0
10203196321456533.jpg, 64, 960, 64, 64, 0, 0, 0, 0
10203202812463670.jpg, 128, 960, 64, 64, 0, 0, 0, 0
10203208203380616.jpg, 192, 960, 64, 64, 0, 0, 0, 0
10203229666891156.jpg, 256, 960, 64, 64, 0, 0, 0, 0
10203243728481713.jpg, 320, 960, 64, 64, 0, 0, 0, 0
10203283344659045.jpg, 384, 960, 64, 64, 0, 0, 0, 0
10203305413571915.jpg, 448, 960, 64, 64, 0, 0, 0, 0
10203340854228873.jpg, 512, 960, 64, 64, 0, 0, 0, 0
10203349412999133.jpg, 576, 960, 64, 64, 0, 0, 0, 0
10203363988918390.jpg, 640, 960, 64, 64, 0, 0, 0, 0
10203406253210533.jpg, 704, 960, 64, 64, 0, 0, 0, 0
10203442842325759.jpg, 768, 960, 64, 64, 0, 0, 0, 0
10203455337817549.jpg, 832, 960, 64, 64, 0, 0, 0, 0
10203455496322480.jpg, 896, 960, 64, 64, 0, 0, 0, 0
10203474502317539.jpg, 960, 960, 64, 64, 0, 0, 0, 0
10203521129881656.jpg, 1024, 960, 64, 64, 0, 0, 0, 0
10203525719481655.jpg, 1088, 960, 64, 64, 0, 0, 0, 0
10203530982015741.jpg, 1152, 960, 64, 64, 0, 0, 0, 0
10203541557531444.jpg, 1216, 960, 64, 64, 0, 0, 0, 0
10203542744866856.jpg, 1280, 960, 64, 64, 0, 0, 0, 0
10203555701157481.jpg, 1344, 960, 64, 64, 0, 0, 0, 0
10203560857641500.jpg, 1408, 960, 64, 64, 0, 0, 0, 0
10203565639730374.jpg, 1472, 960, 64, 64, 0, 0, 0, 0
10203578938335802.jpg, 1536, 960, 64, 64, 0, 0, 0, 0
10203594354644828.jpg, 1600, 960, 64, 64, 0, 0, 0, 0
10203607262847825.jpg, 1664, 960, 64, 64, 0, 0, 0, 0
10203607550772058.jpg, 1728, 960, 64, 64, 0, 0, 0, 0
10203608520509555.jpg, 1792, 960, 64, 64, 0, 0, 0, 0
10203616144908753.jpg, 1856, 960, 64, 64, 0, 0, 0, 0
10203639759292587.jpg, 1920, 960, 64, 64, 0, 0, 0, 0
10203648960323150.jpg, 1984, 960, 64, 64, 0, 0, 0, 0
10203650932222547.jpg, 0, 1024, 64, 64, 0, 0, 0, 0
10203658014633973.jpg, 64, 1024, 64, 64, 0, 0, 0, 0
10203675979114126.jpg, 128, 1024, 64, 64, 0, 0, 0, 0
10203682299768004.jpg, 192, 1024, 64, 64, 0, 0, 0, 0
10203689958075470.jpg, 256, 1024, 64, 64, 0, 0, 0, 0
10203696744835146.jpg, 320, 1024, 64, 64, 0, 0, 0, 0
10203699250497862.jpg, 384, 1024, 64, 64, 0, 0, 0, 0
10203720492352775.jpg, 448, 1024, 64, 64, 0, 0, 0, 0
10203726412185493.jpg, 512, 1024, 64, 64, 0, 0, 0, 0
10203730104428448.jpg, 576, 1024, 64, 64, 0, 0, 0, 0
10203732334143186.jpg, 640, 1024, 64, 64, 0, 0, 0, 0
10203733561714346.jpg, 704, 1024, 64, 64, 0, 0, 0, 0
10203752914052231.jpg, 768, 1024, 64, 64, 0, 0, 0, 0
10203756590094768.jpg, 832, 1024, 64, 64, 0, 0, 0, 0
10203771642041697.jpg, 896, 1024, 64, 64, 0, 0, 0, 0
10203771767988494.jpg, 960, 1024, 64, 64, 0, 0, 0, 0
10203791925178333.jpg, 1024, 1024, 64, 64, 0, 0, 0, 0
10203812601814739.jpg, 1088, 1024, 64, 64, 0, 0, 0, 0
10203860586609985.jpg, 1152, 1024, 64, 64, 0, 0, 0, 0
10203865599215793.jpg, 1216, 1024, 64, 64, 0, 0, 0, 0
10203882730606591.jpg, 1280, 1024, 64, 64, 0, 0, 0, 0
10203885476644956.jpg, 1344, 1024, 64, 64, 0, 0, 0, 0
10203894671316918.jpg, 1408, 1024, 64, 64, 0, 0, 0, 0
10203895985302886.jpg, 1472, 1024, 64, 64, 0, 0, 0, 0
10203897670705428.jpg, 1536, 1024, 64, 64, 0, 0, 0, 0
10203916027971428.jpg, 1600, 1024, 64, 64, 0, 0, 0, 0
10203928052275086.jpg, 1664, 1024, 64, 64, 0, 0, 0, 0
10203942936757762.jpg, 1728, 1024, 64, 64, 0, 0, 0, 0
10203946878015631.jpg, 1792, 1024, 64, 64, 0, 0, 0, 0
10203949313992058.jpg, 1856, 1024, 64, 64, 0, 0, 0, 0
10203955490666266.jpg, 1920, 1024, 64, 64, 0, 0, 0, 0
10204014135299361.jpg, 1984, 1024, 64, 64, 0, 0, 0, 0
10204019120663121.jpg, 0, 1088, 64, 64, 0, 0, 0, 0
10204026660164845.jpg, 64, 1088, 64, 64, 0, 0, 0, 0
10204028992311776.jpg, 128, 1088, 64, 64, 0, 0, 0, 0
10204069840359985.jpg, 192, 1088, 64, 64, 0, 0, 0, 0
10204088737606279.jpg, 256, 1088, 64, 64, 0, 0, 0, 0
10204092815753131.jpg, 320, 1088, 64, 64, 0, 0, 0, 0
10204109863125557.jpg, 384, 1088, 64, 64, 0, 0, 0, 0
10204112251260102.jpg, 448, 1088, 64, 64, 0, 0, 0, 0
10204115328997822.jpg, 512, 1088, 64, 64, 0, 0, 0, 0
10204134534501516.jpg, 576, 1088, 64, 64, 0, 0, 0, 0
10204154152959181.jpg, 640, 1088, 64, 64, 0, 0, 0, 0
10204176914755474.jpg, 704, 1088, 64, 64, 0, 0, 0, 0
10204202710323806.jpg, 768, 1088, 64, 64, 0, 0, 0, 0
10204205657237533.jpg, 832, 1088, 64, 64, 0, 0, 0, 0
10204221779844986.jpg, 896, 1088, 64, 64, 0, 0, 0, 0
10204232154236168.jpg, 960, 1088, 64, 64, 0, 0, 0, 0
10204234708962605.jpg, 1024, 1088, 64, 64, 0, 0, 0, 0
10204236055598206.jpg, 1088, 1088, 64, 64, 0, 0, 0, 0
10204247088470513.jpg, 1152, 1088, 64, 64, 0, 0, 0, 0
10204254468950184.jpg, 1216, 1088, 64, 64, 0, 0, 0, 0
10204383034519068.jpg, 1280, 1088, 64, 64, 0, 0, 0, 0
10204404671186236.jpg, 1344, 1088, 64, 64, 0, 0, 0, 0
10204441195125862.jpg, 1408, 1088, 64, 64, 0, 0, 0, 0
10204455937266009.jpg, 1472, 1088, 64, 64, 0, 0, 0, 0
10204463159203044.jpg, 1536, 1088, 64, 64, 0, 0, 0, 0
10204464203822724.jpg, 1600, 1088, 64, 64, 0, 0, 0, 0
10204510161947014.jpg, 1664, 1088, 64, 64, 0, 0, 0, 0
10204518047844114.jpg, 1728, 1088, 64, 64, 0, 0, 0, 0
10204522062068910.jpg, 1792, 1088, 64, 64, 0, 0, 0, 0
10204523213193549.jpg, 1856, 1088, 64, 64, 0, 0, 0, 0
10204531178020251.jpg, 1920, 1088, 64, 64, 0, 0, 0, 0
10204536879375730.jpg, 1984, 1088, 64, 64, 0, 0, 0, 0
10204544681869521.jpg, 0, 1152, 64, 64, 0, 0, 0, 0
10204558068292262.jpg, 64, 1152, 64, 64, 0, 0, 0, 0
10204577855076043.jpg, 128, 1152, 64, 64, 0, 0, 0, 0
10204590640559693.jpg, 192, 1152, 64, 64, 0, 0, 0, 0
10204605979004237.jpg, 256, 1152, 64, 64, 0, 0, 0, 0
10204626359685590.jpg, 320, 1152, 64, 64, 0, 0, 0, 0
10204629694960690.jpg, 384, 1152, 64, 64, 0, 0, 0, 0
10204630572556260.jpg, 448, 1152, 64, 64, 0, 0, 0, 0
10204634254910300.jpg, 512, 1152, 64, 64, 0, 0, 0, 0
10204642081205642.jpg, 576, 1152, 64, 64, 0, 0, 0, 0
10204695449857967.jpg, 640, 1152, 64, 64, 0, 0, 0, 0
10204733659996396.jpg, 704, 1152, 64, 64, 0, 0, 0, 0
10204743071670719.jpg, 768, 1152, 64, 64, 0, 0, 0, 0
10204767604502272.jpg, 832, 1152, 64, 64, 0, 0, 0, 0
10204779507474910.jpg, 896, 1152, 64, 64, 0, 0, 0, 0
10204795864247261.jpg, 960, 1152, 64, 64, 0, 0, 0, 0
10204796339221021.jpg, 1024, 1152, 64, 64, 0, 0, 0, 0
10204834749977175.jpg, 1088, 1152, 64, 64, 0, 0, 0, 0
10204841372131613.jpg, 1152, 1152, 64, 64, 0, 0, 0, 0
10204861125357556.jpg, 1216, 1152, 64, 64, 0, 0, 0, 0
10204866894044388.jpg, 1280, 1152, 64, 64, 0, 0, 0, 0
10204924612054827.jpg, 1344, 1152, 64, 64, 0, 0, 0, 0
10204929468546957.jpg, 1408, 1152, 64, 64, 0, 0, 0, 0
10204939724868288.jpg, 1472, 1152, 64, 64, 0, 0, 0, 0
10204954115482951.jpg, 1536, 1152, 64, 64, 0, 0, 0, 0
10204958174010127.jpg, 1600, 1152, 64, 64, 0, 0, 0, 0
10204978390472052.jpg, 1664, 1152, 64, 64, 0, 0, 0, 0
10204983536178382.jpg, 1728, 1152, 64, 64, 0, 0, 0, 0
10205014698984951.jpg, 1792, 1152, 64, 64, 0, 0, 0, 0
10205020922141798.jpg, 1856, 1152, 64, 64, 0, 0, 0, 0
10205042894056878.jpg, 1920, 1152, 64, 64, 0, 0, 0, 0
10205043526822848.jpg, 1984, 1152, 64, 64, 0, 0, 0, 0
10205052657295415.jpg, 0, 1216, 64, 64, 0, 0, 0, 0
10205131041218471.jpg, 64, 1216, 64, 64, 0, 0, 0, 0
10205138339603372.jpg, 128, 1216, 64, 64, 0, 0, 0, 0
10205149971283233.jpg, 192, 1216, 64, 64, 0, 0, 0, 0
10205204743979649.jpg, 256, 1216, 64, 64, 0, 0, 0, 0
10205219470780470.jpg, 320, 1216, 64, 64, 0, 0, 0, 0
10205233857546774.jpg, 384, 1216, 64, 64, 0, 0, 0, 0
10205255560208286.jpg, 448, 1216, 64, 64, 0, 0, 0, 0
10205272761725209.jpg, 512, 1216, 64, 64, 0, 0, 0, 0
10205273781225433.jpg, 576, 1216, 64, 64, 0, 0, 0, 0
10205316016759093.jpg, 640, 1216, 64, 64, 0, 0, 0, 0
10205324771549224.jpg, 704, 1216, 64, 64, 0, 0, 0, 0
10205355863479911.jpg, 768, 1216, 64, 64, 0, 0, 0, 0
1020535918019630.jpg, 832, 1216, 64, 64, 0, 0, 0, 0
10205427196463445.jpg, 896, 1216, 64, 64, 0, 0, 0, 0
10205445919657100.jpg, 960, 1216, 64, 64, 0, 0, 0, 0
10205457210574181.jpg, 1024, 1216, 64, 64, 0, 0, 0, 0
10205465801347774.jpg, 1088, 1216, 64, 64, 0, 0, 0, 0
10205498124905009.jpg, 1152, 1216, 64, 64, 0, 0, 0, 0
10205517972535537.jpg, 1216, 1216, 64, 64, 0, 0, 0, 0
10205523654513709.jpg, 1280, 1216, 64, 64, 0, 0, 0, 0
10205529082294221.jpg, 1344, 1216, 64, 64, 0, 0, 0, 0
10205529404379293.jpg, 1408, 1216, 64, 64, 0, 0, 0, 0
10205561100737579.jpg, 1472, 1216, 64, 64, 0, 0, 0, 0
10205581174502375.jpg, 1536, 1216, 64, 64, 0, 0, 0, 0
10205586746173484.jpg, 1600, 1216, 64, 64, 0, 0, 0, 0
10205617120567166.jpg, 1664, 1216, 64, 64, 0, 0, 0, 0
10205621411117235.jpg, 1728, 1216, 64, 64, 0, 0, 0, 0
10205632152827001.jpg, 1792, 1216, 64, 64, 0, 0, 0, 0
10205637106952341.jpg, 1856, 1216, 64, 64, 0, 0, 0, 0
10205649634860364.jpg, 1920, 1216, 64, 64, 0, 0, 0, 0
10205650559249164.jpg, 1984, 1216, 64, 64, 0, 0, 0, 0
10205654111417758.jpg, 0, 1280, 64, 64, 0, 0, 0, 0
10205731734071904.jpg, 64, 1280, 64, 64, 0, 0, 0, 0
10205737692627992.jpg, 128, 1280, 64, 64, 0, 0, 0, 0
10205778533965854.jpg, 192, 1280, 64, 64, 0, 0, 0, 0
10205804935825567.jpg, 256, 1280, 64, 64, 0, 0, 0, 0
10205828232848496.jpg, 320, 1280, 64, 64, 0, 0, 0, 0
10205861622159429.jpg, 384, 1280, 64, 64, 0, 0, 0, 0
10205862377267642.jpg, 448, 1280, 64, 64, 0, 0, 0, 0
10205883822161846.jpg, 512, 1280, 64, 64, 0, 0, 0, 0
10205890843808352.jpg, 576, 1280, 64, 64, 0, 0, 0, 0
10205912995520319.jpg, 640, 1280, 64, 64, 0, 0, 0, 0
10205964072970727.jpg, 704, 1280, 64, 64, 0, 0, 0, 0
10205982379140132.jpg, 768, 1280, 64, 64, 0, 0, 0, 0
10205984654432011.jpg, 832, 1280, 64, 64, 0, 0, 0, 0
10206043469591996.jpg, 896, 1280, 64, 64, 0, 0, 0, 0
10206050489087177.jpg, 960, 1280, 64, 64, 0, 0, 0, 0
10206097473943479.jpg, 1024, 1280, 64, 64, 0, 0, 0, 0
10206338231444038.jpg, 1088, 1280, 64, 64, 0, 0, 0, 0
10206373209514426.jpg, 1152, 1280, 64, 64, 0, 0, 0, 0
10206467640677400.jpg, 1216, 1280, 64, 64, 0, 0, 0, 0
10206504227185802.jpg, 1280, 1280, 64, 64, 0, 0, 0, 0
10206568943761621.jpg, 1344, 1280, 64, 64, 0, 0, 0, 0
10206585949187007.jpg, 1408, 1280, 64, 64, 0, 0, 0, 0
10206634135837931.jpg, 1472, 1280, 64, 64, 0, 0, 0, 0
10206734103093977.jpg, 1536, 1280, 64, 64, 0, 0, 0, 0
10206879396442294.jpg, 1600, 1280, 64, 64, 0, 0, 0, 0
10206950933400027.jpg, 1664, 1280, 64, 64, 0, 0, 0, 0
10206980585776622.jpg, 1728, 1280, 64, 64, 0, 0, 0, 0
10207027753439070.jpg, 1792, 1280, 64, 64, 0, 0, 0, 0
1022152984484714.jpg, 1856, 1280, 64, 64, 0, 0, 0, 0
1022864911072308.jpg, 1920, 1280, 64, 64, 0, 0, 0, 0
1025543944139057.jpg, 1984, 1280, 64, 64, 0, 0, 0, 0
1032385716789321.jpg, 0, 1344, 64, 64, 0, 0, 0, 0
1036078539752619.jpg, 64, 1344, 64, 64, 0, 0, 0, 0
1042273885789761.jpg, 128, 1344, 64, 64, 0, 0, 0, 0
1050689024947003.jpg, 192, 1344, 64, 64, 0, 0, 0, 0
1059704247376907.jpg, 256, 1344, 64, 64, 0, 0, 0, 0
1070701692944283.jpg, 320, 1344, 64, 64, 0, 0, 0, 0
1074741585875981.jpg, 384, 1344, 64, 64, 0, 0, 0, 0
1086616374697130.jpg, 448, 1344, 64, 64, 0, 0, 0, 0
1090980840919429.jpg, 512, 1344, 64, 64, 0, 0, 0, 0
1102788189748435.jpg, 576, 1344, 64, 64, 0, 0, 0, 0
1107179872642120.jpg, 640, 1344, 64, 64, 0, 0, 0, 0
1134572903296924.jpg, 704, 1344, 64, 64, 0, 0, 0, 0
1294431640587323.jpg, 768, 1344, 64, 64, 0, 0, 0, 0
1390347547936490.jpg, 832, 1344, 64, 64, 0, 0, 0, 0
1397210673932451.jpg, 896, 1344, 64, 64, 0, 0, 0, 0
1415637798711121.jpg, 960, 1344, 64, 64, 0, 0, 0, 0
1425039014429793.jpg, 1024, 1344, 64, 64, 0, 0, 0, 0
1434802420168420.jpg, 1088, 1344, 64, 64, 0, 0, 0, 0
1438930519689056.jpg, 1152, 1344, 64, 64, 0, 0, 0, 0
1440199566293501.jpg, 1216, 1344, 64, 64, 0, 0, 0, 0
1441752119404651.jpg, 1280, 1344, 64, 64, 0, 0, 0, 0
1441996556041592.jpg, 1344, 1344, 64, 64, 0, 0, 0, 0
1458547217768624.jpg, 1408, 1344, 64, 64, 0, 0, 0, 0
1465085737086424.jpg, 1472, 1344, 64, 64, 0, 0, 0, 0
1493200574237355.jpg, 1536, 1344, 64, 64, 0, 0, 0, 0
1495891480681326.jpg, 1600, 1344, 64, 64, 0, 0, 0, 0
1503075169953294.jpg, 1664, 1344, 64, 64, 0, 0, 0, 0
1507176069563963.jpg, 1728, 1344, 64, 64, 0, 0, 0, 0
1514096395517672.jpg, 1792, 1344, 64, 64, 0, 0, 0, 0
1515337835408143.jpg, 1856, 1344, 64, 64, 0, 0, 0, 0
1539243802977577.jpg, 1920, 1344, 64, 64, 0, 0, 0, 0
1544480089144355.jpg, 1984, 1344, 64, 64, 0, 0, 0, 0
1547503508827441.jpg, 0, 1408, 64, 64, 0, 0, 0, 0
1559580030940757.jpg, 64, 1408, 64, 64, 0, 0, 0, 0
1568795413371074.jpg, 128, 1408, 64, 64, 0, 0, 0, 0
1586543074960083.jpg, 192, 1408, 64, 64, 0, 0, 0, 0
1599557570328179.jpg, 256, 1408, 64, 64, 0, 0, 0, 0
1722475831312361.jpg, 320, 1408, 64, 64, 0, 0, 0, 0
235975156609334.jpg, 384, 1408, 64, 64, 0, 0, 0, 0
243835625808707.jpg, 448, 1408, 64, 64, 0, 0, 0, 0
253461558166986.jpg, 512, 1408, 64, 64, 0, 0, 0, 0
265883450266326.jpg, 576, 1408, 64, 64, 0, 0, 0, 0
266381453533551.jpg, 640, 1408, 64, 64, 0, 0, 0, 0
277280825812436.jpg, 704, 1408, 64, 64, 0, 0, 0, 0
313704868828286.jpg, 768, 1408, 64, 64, 0, 0, 0, 0
332966200228376.jpg, 832, 1408, 64, 64, 0, 0, 0, 0
341461076058905.jpg, 896, 1408, 64, 64, 0, 0, 0, 0
345701695600829.jpg, 960, 1408, 64, 64, 0, 0, 0, 0
346774368803421.jpg, 1024, 1408, 64, 64, 0, 0, 0, 0
349502348554195.jpg, 1088, 1408, 64, 64, 0, 0, 0, 0
362546107257617.jpg, 1152, 1408, 64, 64, 0, 0, 0, 0
378365259020370.jpg, 1216, 1408, 64, 64, 0, 0, 0, 0
382160815310731.jpg, 1280, 1408, 64, 64, 0, 0, 0, 0
3939342059847.jpg, 1344, 1408, 64, 64, 0, 0, 0, 0
402250423294399.jpg, 1408, 1408, 64, 64, 0, 0, 0, 0
405941459562175.jpg, 1472, 1408, 64, 64, 0, 0, 0, 0
4071477321713.jpg, 1536, 1408, 64, 64, 0, 0, 0, 0
4072218380926.jpg, 1600, 1408, 64, 64, 0, 0, 0, 0
410480935783711.jpg, 1664, 1408, 64, 64, 0, 0, 0, 0
420567124763565.jpg, 1728, 1408, 64, 64, 0, 0, 0, 0
4218759524681.jpg, 1792, 1408, 64, 64, 0, 0, 0, 0
422653631206842.jpg, 1856, 1408, 64, 64, 0, 0, 0, 0
431071493721671.jpg, 1920, 1408, 64, 64, 0, 0, 0, 0
432332763604325.jpg, 1984, 1408, 64, 64, 0, 0, 0, 0
432503136912635.jpg, 0, 1472, 64, 64, 0, 0, 0, 0
439203966239627.jpg, 64, 1472, 64, 64, 0, 0, 0, 0
446113145523064.jpg, 128, 1472, 64, 64, 0, 0, 0, 0
455451924601458.jpg, 192, 1472, 64, 64, 0, 0, 0, 0
458603150982366.jpg, 256, 1472, 64, 64, 0, 0, 0, 0
466763433452859.jpg, 320, 1472, 64, 64, 0, 0, 0, 0
484976684988773.jpg, 384, 1472, 64, 64, 0, 0, 0, 0
4905220565108.jpg, 448, 1472, 64, 64, 0, 0, 0, 0
502585215599.jpg, 512, 1472, 64, 64, 0, 0, 0, 0
505666271008.jpg, 576, 1472, 64, 64, 0, 0, 0, 0
519819224807012.jpg, 640, 1472, 64, 64, 0, 0, 0, 0
529880633789749.jpg, 704, 1472, 64, 64, 0, 0, 0, 0
536294489841423.jpg, 768, 1472, 64, 64, 0, 0, 0, 0
549874901794039.jpg, 832, 1472, 64, 64, 0, 0, 0, 0
569640223137759.jpg, 896, 1472, 64, 64, 0, 0, 0, 0
570850433014314.jpg, 960, 1472, 64, 64, 0, 0, 0, 0
587533898013094.jpg, 1024, 1472, 64, 64, 0, 0, 0, 0
589519387816024.jpg, 1088, 1472, 64, 64, 0, 0, 0, 0
604800542930943.jpg, 1152, 1472, 64, 64, 0, 0, 0, 0
605840499518122.jpg, 1216, 1472, 64, 64, 0, 0, 0, 0
607897842647985.jpg, 1280, 1472, 64, 64, 0, 0, 0, 0
608655369702.jpg, 1344, 1472, 64, 64, 0, 0, 0, 0
610328312393968.jpg, 1408, 1472, 64, 64, 0, 0, 0, 0
610949702349178.jpg, 1472, 1472, 64, 64, 0, 0, 0, 0
614839984794.jpg, 1536, 1472, 64, 64, 0, 0, 0, 0
625739540837646.jpg, 1600, 1472, 64, 64, 0, 0, 0, 0
627468024034414.jpg, 1664, 1472, 64, 64, 0, 0, 0, 0
628514252357.jpg, 1728, 1472, 64, 64, 0, 0, 0, 0
631678810244221.jpg, 1792, 1472, 64, 64, 0, 0, 0, 0
632820080121430.jpg, 1856, 1472, 64, 64, 0, 0, 0, 0
633340516785540.jpg, 1920, 1472, 64, 64, 0, 0, 0, 0
633490323408906.jpg, 1984, 1472, 64, 64, 0, 0, 0, 0
634253686692314.jpg, 0, 1536, 64, 64, 0, 0, 0, 0
635804206519113.jpg, 64, 1536, 64, 64, 0, 0, 0, 0
638706606197993.jpg, 128, 1536, 64, 64, 0, 0, 0, 0
643416445767489.jpg, 192, 1536, 64, 64, 0, 0, 0, 0
644055607122.jpg, 256, 1536, 64, 64, 0, 0, 0, 0
650630621671425.jpg, 320, 1536, 64, 64, 0, 0, 0, 0
650643598345962.jpg, 384, 1536, 64, 64, 0, 0, 0, 0
652838508124847.jpg, 448, 1536, 64, 64, 0, 0, 0, 0
655563927889672.jpg, 512, 1536, 64, 64, 0, 0, 0, 0
663048950396833.jpg, 576, 1536, 64, 64, 0, 0, 0, 0
668442113191127.jpg, 640, 1536, 64, 64, 0, 0, 0, 0
668624576518283.jpg, 704, 1536, 64, 64, 0, 0, 0, 0
669438263232.jpg, 768, 1536, 64, 64, 0, 0, 0, 0
670936299643157.jpg, 832, 1536, 64, 64, 0, 0, 0, 0
672565622818740.jpg, 896, 1536, 64, 64, 0, 0, 0, 0
674457675945431.jpg, 960, 1536, 64, 64, 0, 0, 0, 0
675651189162654.jpg, 1024, 1536, 64, 64, 0, 0, 0, 0
677447572361478.jpg, 1088, 1536, 64, 64, 0, 0, 0, 0
682724128459118.jpg, 1152, 1536, 64, 64, 0, 0, 0, 0
685779541475346.jpg, 1216, 1536, 64, 64, 0, 0, 0, 0
688207554658377.jpg, 1280, 1536, 64, 64, 0, 0, 0, 0
689382971126353.jpg, 1344, 1536, 64, 64, 0, 0, 0, 0
691150644257681.jpg, 1408, 1536, 64, 64, 0, 0, 0, 0
691603360896235.jpg, 1472, 1536, 64, 64, 0, 0, 0, 0
692214607511820.jpg, 1536, 1536, 64, 64, 0, 0, 0, 0
694151187326126.jpg, 1600, 1536, 64, 64, 0, 0, 0, 0
696439677107461.jpg, 1664, 1536, 64, 64, 0, 0, 0, 0
698850460229342.jpg, 1728, 1536, 64, 64, 0, 0, 0, 0
699839500059367.jpg, 1792, 1536, 64, 64, 0, 0, 0, 0
700232343362698.jpg, 1856, 1536, 64, 64, 0, 0, 0, 0
703219813074019.jpg, 1920, 1536, 64, 64, 0, 0, 0, 0
707778545929982.jpg, 1984, 1536, 64, 64, 0, 0, 0, 0
709455129114124.jpg, 0, 1600, 64, 64, 0, 0, 0, 0
712207723349.jpg, 64, 1600, 64, 64, 0, 0, 0, 0
714546721958408.jpg, 128, 1600, 64, 64, 0, 0, 0, 0
722852754506851.jpg, 192, 1600, 64, 64, 0, 0, 0, 0
723864431028406.jpg, 256, 1600, 64, 64, 0, 0, 0, 0
726373560731876.jpg, 320, 1600, 64, 64, 0, 0, 0, 0
726793110737190.jpg, 384, 1600, 64, 64, 0, 0, 0, 0
728225073930933.jpg, 448, 1600, 64, 64, 0, 0, 0, 0
728363823911552.jpg, 512, 1600, 64, 64, 0, 0, 0, 0
728884333855808.jpg, 576, 1600, 64, 64, 0, 0, 0, 0
732094830215746.jpg, 640, 1600, 64, 64, 0, 0, 0, 0
732445420112246.jpg, 704, 1600, 64, 64, 0, 0, 0, 0
734159709952804.jpg, 768, 1600, 64, 64, 0, 0, 0, 0
735071546583911.jpg, 832, 1600, 64, 64, 0, 0, 0, 0
735855649795811.jpg, 896, 1600, 64, 64, 0, 0, 0, 0
740195312668005.jpg, 960, 1600, 64, 64, 0, 0, 0, 0
741120615909369.jpg, 1024, 1600, 64, 64, 0, 0, 0, 0
741230422611904.jpg, 1088, 1600, 64, 64, 0, 0, 0, 0
742703802440208.jpg, 1152, 1600, 64, 64, 0, 0, 0, 0
744258198994031.jpg, 1216, 1600, 64, 64, 0, 0, 0, 0
746003182099888.jpg, 1280, 1600, 64, 64, 0, 0, 0, 0
746288585391198.jpg, 1344, 1600, 64, 64, 0, 0, 0, 0
747112958663002.jpg, 1408, 1600, 64, 64, 0, 0, 0, 0
749093891780490.jpg, 1472, 1600, 64, 64, 0, 0, 0, 0
752804978075001.jpg, 1536, 1600, 64, 64, 0, 0, 0, 0
753191588047045.jpg, 1600, 1600, 64, 64, 0, 0, 0, 0
753928594627506.jpg, 1664, 1600, 64, 64, 0, 0, 0, 0
754323261327021.jpg, 1728, 1600, 64, 64, 0, 0, 0, 0
755226987883028.jpg, 1792, 1600, 64, 64, 0, 0, 0, 0
756998407669270.jpg, 1856, 1600, 64, 64, 0, 0, 0, 0
757792414253894.jpg, 1920, 1600, 64, 64, 0, 0, 0, 0
758560287695.jpg, 1984, 1600, 64, 64, 0, 0, 0, 0
758862550833791.jpg, 0, 1664, 64, 64, 0, 0, 0, 0
758923480805906.jpg, 64, 1664, 64, 64, 0, 0, 0, 0
761644020537825.jpg, 128, 1664, 64, 64, 0, 0, 0, 0
762602083764597.jpg, 192, 1664, 64, 64, 0, 0, 0, 0
763371867040840.jpg, 256, 1664, 64, 64, 0, 0, 0, 0
763976103642812.jpg, 320, 1664, 64, 64, 0, 0, 0, 0
766381680113808.jpg, 384, 1664, 64, 64, 0, 0, 0, 0
766878456681449.jpg, 448, 1664, 64, 64, 0, 0, 0, 0
768805346520047.jpg, 512, 1664, 64, 64, 0, 0, 0, 0
770281959675588.jpg, 576, 1664, 64, 64, 0, 0, 0, 0
770468689638412.jpg, 640, 1664, 64, 64, 0, 0, 0, 0
771697266194570.jpg, 704, 1664, 64, 64, 0, 0, 0, 0
772436549447914.jpg, 768, 1664, 64, 64, 0, 0, 0, 0
772496062774405.jpg, 832, 1664, 64, 64, 0, 0, 0, 0
773707102704491.jpg, 896, 1664, 64, 64, 0, 0, 0, 0
773739462691458.jpg, 960, 1664, 64, 64, 0, 0, 0, 0
777354832353617.jpg, 1024, 1664, 64, 64, 0, 0, 0, 0
777551952290126.jpg, 1088, 1664, 64, 64, 0, 0, 0, 0
778902605475683.jpg, 1152, 1664, 64, 64, 0, 0, 0, 0
779455662074810.jpg, 1216, 1664, 64, 64, 0, 0, 0, 0
779542465465424.jpg, 1280, 1664, 64, 64, 0, 0, 0, 0
780132605369230.jpg, 1344, 1664, 64, 64, 0, 0, 0, 0
780242088724758.jpg, 1408, 1664, 64, 64, 0, 0, 0, 0
782622805166825.jpg, 1472, 1664, 64, 64, 0, 0, 0, 0
783046721790728.jpg, 1536, 1664, 64, 64, 0, 0, 0, 0
787776031265531.jpg, 1600, 1664, 64, 64, 0, 0, 0, 0
792304307527739.jpg, 1664, 1664, 64, 64, 0, 0, 0, 0
792306750833747.jpg, 1728, 1664, 64, 64, 0, 0, 0, 0
795327067182754.jpg, 1792, 1664, 64, 64, 0, 0, 0, 0
795910543801274.jpg, 1856, 1664, 64, 64, 0, 0, 0, 0
798320910224613.jpg, 1920, 1664, 64, 64, 0, 0, 0, 0
798815240205209.jpg, 1984, 1664, 64, 64, 0, 0, 0, 0
799077626804273.jpg, 0, 1728, 64, 64, 0, 0, 0, 0
800359853332374.jpg, 64, 1728, 64, 64, 0, 0, 0, 0
803098119710917.jpg, 128, 1728, 64, 64, 0, 0, 0, 0
804778969566388.jpg, 192, 1728, 64, 64, 0, 0, 0, 0
805592222793426.jpg, 256, 1728, 64, 64, 0, 0, 0, 0
805925992790564.jpg, 320, 1728, 64, 64, 0, 0, 0, 0
806003312803889.jpg, 384, 1728, 64, 64, 0, 0, 0, 0
808148219248419.jpg, 448, 1728, 64, 64, 0, 0, 0, 0
809164495778646.jpg, 512, 1728, 64, 64, 0, 0, 0, 0
810372845711684.jpg, 576, 1728, 64, 64, 0, 0, 0, 0
810522032318645.jpg, 640, 1728, 64, 64, 0, 0, 0, 0
812266472130893.jpg, 704, 1728, 64, 64, 0, 0, 0, 0
812282658859557.jpg, 768, 1728, 64, 64, 0, 0, 0, 0
814367988610784.jpg, 832, 1728, 64, 64, 0, 0, 0, 0
817103918335687.jpg, 896, 1728, 64, 64, 0, 0, 0, 0
818874268142363.jpg, 960, 1728, 64, 64, 0, 0, 0, 0
820229084700120.jpg, 1024, 1728, 64, 64, 0, 0, 0, 0
820625727968281.jpg, 1088, 1728, 64, 64, 0, 0, 0, 0
822233691154371.jpg, 1152, 1728, 64, 64, 0, 0, 0, 0
825608990831489.jpg, 1216, 1728, 64, 64, 0, 0, 0, 0
829393937105535.jpg, 1280, 1728, 64, 64, 0, 0, 0, 0
829525340394520.jpg, 1344, 1728, 64, 64, 0, 0, 0, 0
830379860318390.jpg, 1408, 1728, 64, 64, 0, 0, 0, 0
830657264195.jpg, 1472, 1728, 64, 64, 0, 0, 0, 0
830736953634661.jpg, 1536, 1728, 64, 64, 0, 0, 0, 0
831725980205937.jpg, 1600, 1728, 64, 64, 0, 0, 0, 0
833030346769549.jpg, 1664, 1728, 64, 64, 0, 0, 0, 0
833166970068538.jpg, 1728, 1728, 64, 64, 0, 0, 0, 0
835592253125178.jpg, 1792, 1728, 64, 64, 0, 0, 0, 0
838167262860028.jpg, 1856, 1728, 64, 64, 0, 0, 0, 0
839636119436821.jpg, 1920, 1728, 64, 64, 0, 0, 0, 0
841279959239550.jpg, 1984, 1728, 64, 64, 0, 0, 0, 0
843809048977172.jpg, 0, 1792, 64, 64, 0, 0, 0, 0
844918468892818.jpg, 64, 1792, 64, 64, 0, 0, 0, 0
845118108850386.jpg, 128, 1792, 64, 64, 0, 0, 0, 0
846515385382498.jpg, 192, 1792, 64, 64, 0, 0, 0, 0
850570951637362.jpg, 256, 1792, 64, 64, 0, 0, 0, 0
850741638295874.jpg, 320, 1792, 64, 64, 0, 0, 0, 0
853975021341523.jpg, 384, 1792, 64, 64, 0, 0, 0, 0
854239491277038.jpg, 448, 1792, 64, 64, 0, 0, 0, 0
854873927859591.jpg, 512, 1792, 64, 64, 0, 0, 0, 0
855923694428310.jpg, 576, 1792, 64, 64, 0, 0, 0, 0
856328927723577.jpg, 640, 1792, 64, 64, 0, 0, 0, 0
856738137681050.jpg, 704, 1792, 64, 64, 0, 0, 0, 0
857802877587817.jpg, 768, 1792, 64, 64, 0, 0, 0, 0
858281307527261.jpg, 832, 1792, 64, 64, 0, 0, 0, 0
858776130838618.jpg, 896, 1792, 64, 64, 0, 0, 0, 0
861731247204707.jpg, 960, 1792, 64, 64, 0, 0, 0, 0
863346130362043.jpg, 1024, 1792, 64, 64, 0, 0, 0, 0
863463673674714.jpg, 1088, 1792, 64, 64, 0, 0, 0, 0
863896800303494.jpg, 1152, 1792, 64, 64, 0, 0, 0, 0
864605946887965.jpg, 1216, 1792, 64, 64, 0, 0, 0, 0
865852166801057.jpg, 1280, 1792, 64, 64, 0, 0, 0, 0
866510406719439.jpg, 1344, 1792, 64, 64, 0, 0, 0, 0
867032723321323.jpg, 1408, 1792, 64, 64, 0, 0, 0, 0
868678449809170.jpg, 1472, 1792, 64, 64, 0, 0, 0, 0
868771529810144.jpg, 1536, 1792, 64, 64, 0, 0, 0, 0
869182869819393.jpg, 1600, 1792, 64, 64, 0, 0, 0, 0
869984519686860.jpg, 1664, 1792, 64, 64, 0, 0, 0, 0
870025013011055.jpg, 1728, 1792, 64, 64, 0, 0, 0, 0
875312889151616.jpg, 1792, 1792, 64, 64, 0, 0, 0, 0
875385075860767.jpg, 1856, 1792, 64, 64, 0, 0, 0, 0
875951199103591.jpg, 1920, 1792, 64, 64, 0, 0, 0, 0
876181939114611.jpg, 1920, 1728, 64, 64, 0, 0, 0, 0
876264485735784.jpg, 1984, 1792, 64, 64, 0, 0, 0, 0
877455082284738.jpg, 0, 1856, 64, 64, 0, 0, 0, 0
879881838703053.jpg, 64, 1856, 64, 64, 0, 0, 0, 0
883438161698550.jpg, 128, 1856, 64, 64, 0, 0, 0, 0
884048048296344.jpg, 192, 1856, 64, 64, 0, 0, 0, 0
884878471533589.jpg, 256, 1856, 64, 64, 0, 0, 0, 0
888358584538460.jpg, 320, 1856, 64, 64, 0, 0, 0, 0
889625424382920.jpg, 384, 1856, 64, 64, 0, 0, 0, 0
895678133785436.jpg, 448, 1856, 64, 64, 0, 0, 0, 0
895928793761460.jpg, 512, 1856, 64, 64, 0, 0, 0, 0
895969127079975.jpg, 576, 1856, 64, 64, 0, 0, 0, 0
896878560344837.jpg, 640, 1856, 64, 64, 0, 0, 0, 0
897853740225446.jpg, 704, 1856, 64, 64, 0, 0, 0, 0
898349086855812.jpg, 768, 1856, 64, 64, 0, 0, 0, 0
902349843123277.jpg, 832, 1856, 64, 64, 0, 0, 0, 0
904665606219410.jpg, 896, 1856, 64, 64, 0, 0, 0, 0
906913362698279.jpg, 960, 1856, 64, 64, 0, 0, 0, 0
910868365619657.jpg, 1024, 1856, 64, 64, 0, 0, 0, 0
914427495257361.jpg, 1088, 1856, 64, 64, 0, 0, 0, 0
915314075163746.jpg, 1152, 1856, 64, 64, 0, 0, 0, 0
916358998426100.jpg, 1216, 1856, 64, 64, 0, 0, 0, 0
916990645002226.jpg, 1280, 1856, 64, 64, 0, 0, 0, 0
922514274466220.jpg, 1344, 1856, 64, 64, 0, 0, 0, 0
930007563705950.jpg, 1408, 1856, 64, 64, 0, 0, 0, 0
931620413536662.jpg, 1472, 1856, 64, 64, 0, 0, 0, 0
933226233362291.jpg, 1536, 1856, 64, 64, 0, 0, 0, 0
933869099975594.jpg, 1600, 1856, 64, 64, 0, 0, 0, 0
938071679558484.jpg, 1664, 1856, 64, 64, 0, 0, 0, 0
938464162846755.jpg, 1728, 1856, 64, 64, 0, 0, 0, 0
939670619400642.jpg, 1792, 1856, 64, 64, 0, 0, 0, 0
949112985117215.jpg, 1856, 1856, 64, 64, 0, 0, 0, 0
952471621448172.jpg, 1920, 1856, 64, 64, 0, 0, 0, 0
952603301426328.jpg, 1984, 1856, 64, 64, 0, 0, 0, 0
954485767918059.jpg, 0, 1920, 64, 64, 0, 0, 0, 0
955076184522417.jpg, 64, 1920, 64, 64, 0, 0, 0, 0
957352270946258.jpg, 128, 1920, 64, 64, 0, 0, 0, 0
958336040862832.jpg, 192, 1920, 64, 64, 0, 0, 0, 0
959413984074140.jpg, 256, 1920, 64, 64, 0, 0, 0, 0
960724693944913.jpg, 320, 1920, 64, 64, 0, 0, 0, 0
964235056939908.jpg, 384, 1920, 64, 64, 0, 0, 0, 0
966020886762059.jpg, 448, 1920, 64, 64, 0, 0, 0, 0
968009523232505.jpg, 512, 1920, 64, 64, 0, 0, 0, 0
968489443180823.jpg, 576, 1920, 64, 64, 0, 0, 0, 0
968955553116860.jpg, 640, 1920, 64, 64, 0, 0, 0, 0
969061649785948.jpg, 704, 1920, 64, 64, 0, 0, 0, 0
977757782252275.jpg, 768, 1920, 64, 64, 0, 0, 0, 0
978252342196337.jpg, 832, 1920, 64, 64, 0, 0, 0, 0
980143105351836.jpg, 896, 1920, 64, 64, 0, 0, 0, 0
984709464876001.jpg, 960, 1920, 64, 64, 0, 0, 0, 0
986949547998522.jpg, 1024, 1920, 64, 64, 0, 0, 0, 0
987324511283571.jpg, 1088, 1920, 64, 64, 0, 0, 0, 0
989319141089158.jpg, 1152, 1920, 64, 64, 0, 0, 0, 0
996951876990504.jpg, 1216, 1920, 64, 64, 0, 0, 0, 0
996976490330629.jpg, 1280, 1920, 64, 64, 0, 0, 0, 0
